myRF:改进前-----------------------------------
oob_score is  89.11174785100286
Tree_number:  20
传统RF的模型准确率： 92.61744966442953 %
优化后Tree_number:  7
优化后模型准确率： 93.60402684563759 %
The end!
oob_score is  89.68481375358166
Tree_number:  30
传统RF的模型准确率： 92.61744966442953 %
优化后Tree_number:  9
优化后模型准确率： 93.94630872483222 %
The end!
oob_score is  89.97134670487105
Tree_number:  40
传统RF的模型准确率： 92.61744966442953 %
优化后Tree_number:  11
优化后模型准确率： 92.61744966442953 %
The end!
oob_score is  89.68481375358166
Tree_number:  50
传统RF的模型准确率： 90.60402684563759 %
优化后Tree_number:  13
优化后模型准确率： 93.28859060402685 %
The end!
oob_score is  89.68481375358166
Tree_number:  60
传统RF的模型准确率： 91.94630872483222 %
优化后Tree_number:  12
优化后模型准确率： 92.61744966442953 %
The end!
oob_score is  89.39828080229226
Tree_number:  70
传统RF的模型准确率： 92.61744966442953 %
优化后Tree_number:  12
优化后模型准确率： 92.61744966442953 %
The end!
oob_score is  89.39828080229226
Tree_number:  80
传统RF的模型准确率： 91.2751677852349 %
优化后Tree_number:  8
优化后模型准确率： 93.28859060402685 %
The end!
oob_score is  89.39828080229226
Tree_number:  90
传统RF的模型准确率： 91.2751677852349 %
优化后Tree_number:  10
优化后模型准确率： 94.63087248322147 %
The end!
ob_score is  89.39828080229226
Tree_number:  100
传统RF的模型准确率： 90.60402684563759 %
优化后Tree_number:  10
优化后模型准确率： 94.63087248322147 %
The end!
oob_score is  89.68481375358166
Tree_number:  110
传统RF的模型准确率： 90.60402684563759 %
优化后Tree_number:  10
优化后模型准确率： 94.63087248322147 %
The end!
oob_score is  90.25787965616045
Tree_number:  120
传统RF的模型准确率： 93.28859060402685 %
优化后Tree_number:  19
优化后模型准确率： 93.95973154362416 %
The end!


myRF1：改进后---------------------------------------------------------
Tree_number:  20
模型准确率： 93.30543933054393 %
auc:  13 [7, 0, 4, 9, 19, 16, 8, 2, 18, 11, 1, 5, 13, 10, 12, 14, 6, 15, 3, 17]
优化后Tree_number:  5
优化后模型准确率： 94.56066945606695 %

max_depth is  15.0
oob_score is  96.22641509433963
Tree_number:  30
模型准确率： 92.05020920502092 %
auc:  20 [28, 26, 7, 19, 2, 23, 15, 11, 21, 17, 14, 0, 5, 29, 1, 18, 25, 27, 6, 9, 22, 20, 13, 24, 10, 12, 3, 4, 16, 8]
优化后Tree_number:  12
优化后模型准确率： 93.30543933054393 %

max_depth is  8.0
oob_score is  98.11320754716981
Tree_number:  40
模型准确率： 94.14225941422593 %
auc:  26 [1, 21, 12, 25, 0, 23, 36, 32, 33, 5, 9, 14, 38, 19, 3, 31, 26, 24, 18, 2, 4, 7, 15, 30, 37, 13, 29, 20, 17, 34, 16, 35, 8, 27, 39, 28, 11, 22, 10, 6]
优化后Tree_number:  8
优化后模型准确率： 94.56066945606695 %

max_depth is  14.0
oob_score is  104.00943396226414
Tree_number:  50
模型准确率： 93.30543933054393 %
auc:  33 [21, 32, 31, 0, 47, 41, 38, 24, 3, 30, 7, 5, 45, 33, 1, 35, 37, 12, 19, 20, 39, 13, 16, 9, 2, 27, 11, 18, 46, 10, 43, 22, 23, 48, 42, 29, 25, 17, 44, 4, 49, 34, 28, 8, 14, 6, 40, 36, 26, 15]
优化后Tree_number:  13
优化后模型准确率： 94.97907949790795 %

max_depth is  8.0
oob_score is  104.24528301886792
Tree_number:  60
模型准确率： 93.30543933054393 %
auc:  40 [59, 42, 17, 51, 33, 5, 12, 25, 58, 11, 19, 4, 38, 28, 46, 23, 26, 39, 50, 55, 9, 27, 15, 49, 3, 16, 57, 30, 44, 37, 43, 13, 21, 53, 35, 40, 22, 31, 47, 29, 52, 34, 56, 1, 54, 36, 10, 48, 0, 24, 6, 45, 2, 8, 7, 32, 14, 18, 20, 41]
优化后Tree_number:  11
优化后模型准确率： 94.14225941422593 %

max_depth is  8.0
oob_score is  104.24528301886792
Tree_number:  60
模型准确率： 93.30543933054393 %
auc:  40 [59, 42, 17, 51, 33, 5, 12, 25, 58, 11, 19, 4, 38, 28, 46, 23, 26, 39, 50, 55, 9, 27, 15, 49, 3, 16, 57, 30, 44, 37, 43, 13, 21, 53, 35, 40, 22, 31, 47, 29, 52, 34, 56, 1, 54, 36, 10, 48, 0, 24, 6, 45, 2, 8, 7, 32, 14, 18, 20, 41]
优化后Tree_number:  11
优化后模型准确率： 94.14225941422593 %

max_depth is  8.0
oob_score is  103.53773584905662
Tree_number:  70
模型准确率： 92.46861924686193 %
auc:  46 [57, 37, 6, 55, 15, 43, 14, 20, 58, 2, 21, 52, 19, 10, 29, 5, 44, 60, 34, 62, 16, 35, 27, 12, 42, 63, 59, 24, 39, 26, 61, 64, 69, 4, 7, 67, 3, 32, 8, 31, 53, 36, 38, 22, 23, 45, 28, 18, 50, 9, 66, 1, 25, 40, 30, 56, 17, 46, 51, 0, 49, 48, 54, 65, 33, 11, 47, 68, 13, 41]
优化后Tree_number:  10
优化后模型准确率： 94.14225941422593 %

max_depth is  14.0
oob_score is  102.35849056603774
Tree_number:  80
auc:  53 [63, 18, 69, 75, 24, 30, 53, 13, 35, 7, 33, 10, 41, 55, 12, 23, 50, 61, 72, 34, 38, 40, 27, 31, 47, 32, 43, 73, 11, 46, 59, 28, 64, 17, 20, 36, 74, 21, 76, 68, 2, 62, 9, 49, 70, 58, 29, 77, 79, 25, 5, 51, 1, 4, 56, 8, 39, 60, 3, 78, 0, 54, 16, 44, 67, 66, 48, 37, 71, 26, 57, 45, 14, 15, 52, 42, 65, 6, 22, 19]
myRF1_模型准确率： 95.81589958158996 %

max_depth is  6.0
oob_score is  103.53773584905662
Tree_number:  90
auc:  60 [27, 49, 11, 66, 56, 61, 64, 25, 86, 71, 72, 52, 9, 77, 82, 21, 75, 1, 30, 74, 38, 44, 3, 23, 51, 89, 76, 45, 15, 53, 33, 4, 17, 0, 40, 84, 10, 29, 31, 42, 13, 88, 39, 35, 20, 14, 43, 67, 6, 50, 12, 60, 69, 85, 22, 37, 48, 81, 19, 26, 18, 79, 70, 73, 8, 58, 63, 65, 55, 28, 57, 68, 41, 83, 2, 46, 59, 54, 62, 47, 78, 80, 5, 16, 32, 24, 7, 36, 87, 34]
myRF1_模型准确率： 92.88702928870293 %
max_depth is  11.0
oob_score is  103.53773584905662
Tree_number:  90
auc:  60 [11, 14, 33, 48, 72, 78, 8, 25, 80, 17, 20, 45, 6, 41, 75, 53, 43, 27, 73, 69, 0, 12, 76, 22, 42, 7, 5, 77, 46, 18, 50, 55, 68, 85, 1, 3, 19, 47, 63, 37, 38, 16, 21, 29, 56, 9, 74, 51, 86, 15, 65, 88, 36, 61, 52, 79, 89, 44, 24, 40, 71, 35, 54, 62, 70, 31, 23, 58, 87, 30, 82, 84, 4, 2, 49, 60, 67, 32, 28, 59, 66, 83, 34, 10, 26, 13, 39, 64, 81, 57]
myRF1_模型准确率： 92.88702928870293 %

max_depth is  11.0
oob_score is  100.9433962264151
Tree_number:  100
auc:  66 [44, 46, 24, 79, 23, 18, 12, 42, 58, 27, 56, 35, 87, 73, 13, 39, 90, 92, 47, 1, 49, 32, 68, 54, 77, 3, 61, 30, 62, 86, 96, 5, 57, 31, 43, 33, 19, 2, 76, 60, 45, 48, 40, 89, 20, 51, 95, 0, 55, 78, 82, 75, 36, 22, 8, 91, 53, 70, 9, 65, 21, 41, 71, 34, 85, 99, 4, 25, 83, 38, 50, 52, 6, 94, 11, 17, 7, 28, 15, 26, 88, 98, 63, 69, 14, 37, 93, 84, 16, 67, 64, 81, 72, 66, 80, 74, 59, 97, 29, 10]
myRF1_模型准确率： 95.39748953974896 %
